   time in CoreYears by BySite     ,2022-11,2022-12,2023-01,2023-02,2023-03,2023-04,2023-05,2023-06,2023-07,2023-08,2023-09,2023-10,Total
BR_CBPF,      0.263,      0.606,      3.593,      0.668,      0.772,      2.030,      0.427,      0.182,      0.214,      0.283,      0.000,      0.745,     9.784
CA_SFU,      0.440,      0.140,      0.328,      0.154,      0.000,      0.000,      0.000,      0.001,      0.068,      0.000,      0.001,      0.057,     1.187
CA_Victoria,      0.997,      0.943,      0.609,      0.196,      0.909,      2.254,      1.014,      0.177,      1.015,      0.794,      1.675,      3.825,    14.409
CERN,      6.922,      5.591,     10.672,      4.336,     10.160,     15.078,      4.253,      1.400,      3.977,      4.212,      4.541,      7.716,    78.859
CH_UNIBE-LHEP,      0.004,      0.009,      0.005,      0.004,      0.008,      0.006,      0.012,      0.003,      0.000,      0.002,      0.009,      0.164,     0.226
CZ_FZU,      0.644,      2.273,      8.914,      1.653,      2.344,     11.772,      3.671,      0.274,      0.934,      2.138,      1.507,      2.194,    38.318
ES_CIEMAT,      0.013,      0.042,      0.043,      0.166,      0.202,      0.262,      0.411,      0.053,      0.019,      0.037,      0.027,      0.636,     1.910
ES_PIC,      1.940,      1.608,      2.295,      0.960,      2.760,      5.665,      1.751,      0.125,      0.966,      2.693,      1.340,      1.178,    23.280
FR_CCIN2P3,      1.767,      1.422,      5.369,      1.262,      2.222,      6.405,      1.262,      0.088,      0.570,      3.627,      0.386,      0.653,    25.032
IN_TIFR,      1.822,      2.493,      5.440,      0.000,      2.555,     15.646,      3.951,      0.000,      1.489,      0.665,      1.019,      1.174,    36.253
IT_CNAF,      0.000,      0.000,      0.000,      0.000,      0.000,      0.000,      0.000,      0.000,      0.000,      0.000,      0.000,      0.183,     0.183
NL_NIKHEF,      2.754,      2.972,      6.865,      0.676,      2.421,      5.603,      1.308,      0.347,      1.026,      0.368,      0.683,      1.621,    26.644
NL_SURFsara,      5.164,      8.509,     22.190,      2.374,      7.186,     19.293,      1.690,      0.352,      3.548,      0.280,      0.228,      4.569,    75.383
RU_JINR,      4.683,      3.547,      2.936,      0.831,      3.519,     10.631,      1.245,      0.138,      0.455,      0.000,      0.000,      0.000,    27.986
UK_Bristol,      2.154,      1.984,      8.276,      4.373,      2.974,      5.479,      0.822,      0.204,      1.075,      1.309,      0.749,      2.695,    32.094
UK_Brunel,      2.049,      1.608,      3.348,      1.049,      1.192,      3.151,      0.798,      0.123,      0.773,      1.434,      1.031,      1.207,    17.763
UK_Edinburgh,      0.123,      0.539,      0.629,      0.185,      0.289,      1.076,      0.063,      0.004,      0.116,      1.708,      0.252,      0.567,     5.552
UK_Imperial,      1.181,      0.943,      2.580,      0.245,      0.667,      2.655,      1.043,      0.061,      1.740,      0.297,      0.389,      1.233,    13.034
UK_Lancaster,      0.482,      0.327,      1.687,      1.297,      1.106,      2.450,      0.264,      0.009,      0.658,      0.375,      0.566,      0.009,     9.228
UK_Liverpool,      0.000,      0.000,      0.000,      0.000,      0.000,      1.468,      0.641,      0.058,      0.782,      0.797,      0.330,      0.400,     4.476
UK_Manchester,      4.378,      5.948,     11.649,     13.433,      8.630,     21.366,      1.573,      0.000,      0.001,      0.607,      8.266,      2.970,    78.821
UK_Oxford,      0.264,      0.449,      2.126,      0.803,      0.892,      3.213,      0.539,      0.073,      0.151,      0.312,      0.226,      0.752,     9.799
UK_QMUL,      3.994,      3.360,      4.864,      0.828,      0.432,      0.021,      0.072,      0.137,      0.626,      4.317,      0.314,      0.553,    19.518
UK_RAL-PPD,      2.246,      3.546,     13.323,      7.478,      9.190,     23.370,      4.434,      0.719,      9.903,      3.484,      4.658,      8.921,    91.273
UK_RAL-Tier1,     11.603,      8.116,     22.190,      6.415,      4.697,      5.628,      4.855,      1.898,     19.250,     12.429,      0.000,      0.000,    97.081
UK_Sheffield,      0.536,      1.214,      0.545,      0.436,      0.000,      3.706,      0.616,      0.031,      0.411,      0.252,      0.389,      0.335,     8.472
US_BNL,      0.559,      0.647,      1.054,      0.241,      0.794,      2.305,      0.436,      0.165,      0.262,      0.182,      0.240,      1.976,     8.860
US_Caltech,      0.000,      0.000,      0.000,      0.110,      0.718,      0.000,      0.000,      0.000,      0.000,      0.000,      0.000,      0.000,     0.829
US_Colorado,      0.064,      2.331,      3.259,      1.372,      2.455,      4.402,      1.166,      0.349,      1.874,      0.952,      0.850,      2.663,    21.737
US_FNAL-FermiGrid,      0.000,      0.000,      0.000,    183.206,    267.239,    111.902,    174.300,    138.610,    300.027,    356.323,    187.256,    137.695,  1856.560
US_FNAL-T1,      0.000,      0.000,      0.000,      1.684,      1.080,      1.789,      1.036,      0.248,      0.922,      0.667,      1.391,      2.952,    11.769
US_FermiGrid,     95.650,     66.086,    253.212,    172.137,      0.000,      0.000,      0.000,      0.000,      0.000,      0.000,      0.000,      0.000,   587.085
US_MWT2,      0.000,      0.000,      0.000,      0.000,      0.000,      0.000,      0.000,      0.000,      0.000,      0.000,      0.000,      0.000,     0.000
US_Michigan,      0.017,      0.011,      0.023,      0.007,      0.035,      0.023,      0.059,      0.055,      0.003,      0.008,      0.008,      0.000,     0.250
US_NERSC,      0.000,      0.000,      0.000,      0.000,      0.000,      0.000,      0.000,      0.000,      0.000,      0.000,      0.000,      0.000,     0.000
US_Nebraska,      0.000,      0.000,      0.002,      0.000,      0.000,      0.064,      0.265,      0.000,      0.000,      0.000,      0.000,      0.000,     0.330
US_NotreDame,      0.003,      0.000,      0.324,      0.400,      0.260,      0.210,      0.095,      0.107,      0.148,      0.006,      0.013,      0.100,     1.665
US_Omaha,      0.000,      0.000,      0.000,      0.000,      0.000,      0.102,      0.084,      0.000,      0.000,      0.000,      0.000,      0.000,     0.186
US_PuertoRico,      0.036,      0.124,      0.455,      0.063,      0.165,      0.415,      0.057,      0.014,      0.032,      0.061,      0.049,      0.175,     1.645
US_SU-ITS,      0.000,      0.000,      0.153,      0.677,      0.722,      4.871,      3.617,      0.432,      0.304,      0.162,      0.185,      2.589,    13.713
US_Swan,      0.000,      0.000,      0.004,      0.002,      0.035,      0.008,      0.005,      0.009,      0.009,      0.001,      0.002,      0.017,     0.091
US_UCSD,      0.136,      0.210,      0.455,      0.319,      0.333,      0.582,      0.066,      0.043,      0.197,      0.081,      0.162,      0.253,     2.837
US_UChicago,      0.000,      0.000,      0.000,      0.000,      0.000,      0.541,      0.951,      0.216,      0.810,      0.249,      0.586,      2.714,     6.067
US_UConn-HPC,      0.000,      0.000,      0.000,      0.000,      0.000,      0.021,      0.229,      0.040,      0.138,      0.534,      0.491,      0.198,     1.651
US_WSU,      0.083,      0.078,      0.634,      0.922,      0.702,      0.559,      0.008,      0.001,      0.005,      0.000,      0.004,      0.027,     3.023
US_Wisconsin,      0.200,      0.760,      0.336,      0.213,      0.209,      1.041,      0.058,      0.111,      0.140,      0.042,      0.007,      0.238,     3.355
undefined,      1.500,      2.615,      2.803,      2.067,      0.153,      0.816,      0.098,      0.007,      0.000,      1.166,      0.289,      0.293,    11.806
Total,    154.673,    131.050,    403.191,    413.241,    340.028,    297.879,    219.246,    146.862,    354.640,    402.853,    220.116,    196.248,  3280.025
